Below is the total energy of the system calculated at a regular inteval: 
-1478.429011575281
-1456.90183875151
-1451.0484495955977
-1445.663537358423
-1438.9714733694923
-1433.8365370077922
-1429.2909725648085
-1425.5353388332746
-1421.8455426095102
-1417.9519929784506
-1413.4824939125126
-1409.4450476961883
-1405.874658443387
-1402.579604777511
-1399.4188141225695
-1396.335796503342
-1393.3028220304952
-1390.2843065638042
-1387.1835714602903
-1383.7612379568477
-1380.3714039481886
-1377.322332555428
-1374.4384877183106
-1371.6234122140909
-1368.8373268280109
-1366.0641926800306
-1363.2969860185356
-1360.5311209013817
-1357.760599285518
-1354.9736873826596
-1352.1442341964557
-1349.2196904709506
-1346.1362068159706
-1343.1423964844437
-1340.388147695059
-1337.7390781526803
-1335.1475673764046
-1332.6020796361377
-1330.0994004542988
-1327.6381011671497
-1325.2162416654207
-1322.8303511356896
-1320.4747815751575
-1318.1404908555323
-1315.8133798085803
-1313.4789755873035
-1311.1455103490869
-1308.8412697307624
-1306.5513966648023
-1304.1883886200299
-1301.7977584128196
-1299.5415523041966
-1297.3477861117033
-1295.1705217088888
-1292.9980214781224
-1290.8270112474088
-1288.6566645740686
-1286.4871088680354
-1284.3188496082348
-1282.1521724984682
-1279.986117020764
-1277.8173123459424
-1275.6423153347012
-1273.470339396395
-1271.3282020658858
-1269.232912944175
-1267.1820718842205
-1265.168616323718
-1263.1868019270328
-1261.2298773054843
-1259.2808472127945
-1257.2921663762747
-1255.2712724117457
-1253.3504072075355
-1251.4942507834255
-1249.4476262186759
-1247.6409861639318
-1245.8634418526958
-1244.0936238578674
-1242.3290253635416
-1240.5668806663552
-1238.8045519452603
-1237.0395318091264
-1235.2693952742607
-1233.491865377329
-1231.7054258678509
-1229.9109004534023
-1228.1129296775418
-1226.318418268069
-1224.5326585869495
-1222.758032717186
-1220.9955780382963
-1219.2463820631306
-1217.5118872657274
-1215.7936354702072
-1214.0928386588066
-1212.4096555382612
-1210.7410412045308
-1209.072763520866
-1207.3684995591486
-1205.6546210172257
-1204.0243848981438
-1202.4555542480953
-1200.9181746360973
-1199.4020266664422
-1197.9028109174983
-1196.417554383364
-1194.9434240907742
-1193.47733497887
-1192.0159420281386
-1190.5561258536616
-1189.096093705154
-1187.6363679979413
-1186.1789610700578
-1184.7250242682658
-1183.2737828751913
-1181.8233939595045
-1180.372059436833
-1178.9185560922288
-1177.4623479241357
-1176.0035455289035
-1174.542829117438
-1173.0813650829687
-1171.6207181802179
-1170.1627563289046
-1168.7095462052944
-1167.2632393573451
-1165.8259477915697
-1164.3996005194376
-1162.9857436983675
-1161.5851367663151
-1160.1965442297183
-1158.8123622268824
-1157.408298659205
-1155.9746795547778
-1154.587654777588
-1153.2617489295296
-1151.9662089087126
-1150.6872825488317
-1149.420561677795
-1148.1653010573707
-1146.9222525578734
-1145.691712459371
-1144.4724956668806
-1143.2623074872442
-1142.0585386743496
-1140.858748234042
-1139.660820319389
-1138.4629787672745
-1137.263769852834
-1136.0620499616307
-1134.8569833545127
-1133.6480462189
-1132.435031916429
-1131.2180529665563
-1129.9975362019586
-1128.7742084074282
-1127.5490706558626
-1126.3233605490996
-1125.0985026734677
-1123.8760487397622
-1122.657609958139
-1121.4447848794332
-1120.2390855675774
-1119.0418627754461
-1117.8542275971674
-1116.6769691878135
-1115.5104893988846
-1114.354826601692
-1113.209892907786
-1112.0759552566287
-1110.953955966148
-1109.8448528381514
-1108.747534805393
-1107.6545403461357
-1106.5447903826587
-1105.4096397657277
-1104.307011279619
-1103.2516214410548
-1102.2188948665926
-1101.1965118332034
-1100.1798989521974
-1099.1668277585143
-1098.1558332964228
-1097.1458016580534
-1096.1358476065504
-1095.1252389972533
-1094.1133436732216
-1093.09962458154
-1092.0836596010133
-1091.0651560629512
-1090.043958262505
-1089.020054370617
-1087.993583607644
-1086.964839715474
-1085.934264526751
-1084.902425718061
-1083.8699770293335
-1082.8376059743443
-1081.805976458749
